160.000000 68.000000 65.232796
155.000000 78.000000 65.842422
143.000000 56.000000 68.060974
162.000000 70.000000 65.040787
170.000000 72.000000 64.569000
175.000000 78.000000 64.514839
167.000000 68.000000 64.690376
163.000000 54.000000 64.955894
156.000000 43.000000 65.705688
172.000000 71.000000 64.525116
180.000000 65.000000 64.645828
159.000000 59.000000 65.339912
169.000000 63.000000 64.602051
157.000000 62.000000 65.576355
161.000000 90.000000 65.133087
171.000000 45.000000 64.543358
181.000000 62.000000 64.694244
177.000000 57.000000 64.545013
140.000000 80.000000 68.782249
185.000000 0.000000 64.961975
